0
9, 0
17, 9, 0
25, 17, 8, 0
33, 25, 16, 8, 0
42, 33, 25, 17, 9, 0
50, 41, 33, 25, 17, 8, 0
58, 50, 41, 33, 25, 17, 9, 0
66, 58, 49, 41, 33, 25, 17, 8, 0
74, 66, 57, 49, 41, 33, 25, 16, 8, 0
82, 74, 65, 57, 49, 41, 33, 24, 16, 8, 0
8, 12, 19, 26, 34, 42, 50, 59, 66, 74, 82, 0
12, 8, 12, 18, 26, 34, 42, 50, 58, 66, 74, 9, 0
19, 12, 8, 11, 18, 26, 33, 42, 50, 58, 65, 17, 9, 0
26, 18, 11, 8, 11, 18, 26, 34, 42, 50, 58, 25, 17, 8, 0
34, 26, 18, 11, 8, 12, 18, 26, 34, 42, 50, 33, 25, 16, 8, 0
42, 34, 26, 18, 12, 8, 11, 18, 26, 33, 41, 42, 33, 25, 17, 9, 0
50, 42, 33, 26, 18, 11, 8, 12, 18, 26, 33, 50, 41, 33, 25, 17, 8, 0
59, 50, 42, 34, 26, 18, 12, 8, 11, 18, 25, 58, 50, 41, 33, 25, 17, 9, 0
66, 58, 50, 42, 34, 26, 18, 11, 8, 11, 18, 66, 58, 49, 41, 33, 25, 17, 8, 0