0
10, 0
0, 10, 0
0, 1, 0, 0
0, 0, 0, 0, 0
0, 0, 0, 9, 0, 0
0, 0, 10, 0, 0, 0, 0
11, 0, 0, 0, 0, 9, 0, 0
14, 18, 11, 0, 0, 0, 0, 12, 0
0, 0, 0, 0, 10, 9, 9, 13, 0, 0
0, 10, 9, 0, 0, 0, 0, 0, 10, 0, 0
12, 13, 17, 11, 0, 0, 7, 12, 0, 0, 0, 0
9, 0, 0, 0, 0, 0, 0, 0, 0, 8, 0, 0, 0
10, 14, 9, 12, 10, 0, 0, 0, 0, 0, 0, 0, 0, 0
0, 0, 0, 0, 0, 0, 0, 0, 0, 0, 0, 0, 0, 0, 0
0, 0, 0, 0, 0, 0, 0, 0, 0, 0, 0, 0, 0, 0, 0, 0
0, 0, 0, 0, 0, 0, 0, 0, 0, 0, 0, 0, 0, 0, 0, 0, 0
12, 9, 10, 9, 9, 0, 0, 0, 0, 0, 0, 0, 0, 0, 0, 0, 0, 0
0, 0, 0, 0, 0, 0, 0, 0, 0, 0, 0, 0, 0, 13, 0, 0, 0, 0, 0
11, 12, 0, 0, 0, 0, 0, 10, 21, 0, 11, 0, 0, 12, 0, 0, 9, 0, 0, 0